response_var,burn_percentage_group,mean_effect,sd_effect,n_effect,Effect_size,se_effect,lower_ci_effect,upper_ci_effect
DOC_Interp,0-10,-0.4278652385118058,0.0318973733970923,3,-0.4278652385118058,0.01841595711725325,-0.5071027066733045,-0.34862777035030706
DOC_Interp,11-20,-0.804587176220387,1.1701746624260074,14,-0.804587176220387,0.3127423335344267,-1.4802259111371947,-0.1289484413035793
DOC_Interp,21-30,-0.3385774588004091,0.41566196723060334,19,-0.3385774588004091,0.09535939525429026,-0.5389201140342041,-0.13823480356661405
DOC_Interp,51-60,-0.148428583731521,0.1283415107727268,5,-0.148428583731521,0.05739606848456773,-0.3077856171330964,0.01092844967005438
DOC_Interp,61-70,0.809328715796117,NA,1,0.809328715796117,NA,NA,NA
DOC_Interp,71-80,-2.8215582732635838,0.05679624567385047,2,-2.8215582732635838,0.04016101046191678,-3.331852294604352,-2.3112642519228155
DOC_Interp,81-90,-0.501232466511102,NA,1,-0.501232466511102,NA,NA,NA
NO3_Interp,0-10,0.20754103537702254,0.9905527443147263,7,0.20754103537702254,0.3743937459927593,-0.7085674586872195,1.1236495294412645
NO3_Interp,11-20,0.09526022713520987,1.3773741948803035,22,0.09526022713520987,0.2936571650382129,-0.5154332788817388,0.7059537331521586
NO3_Interp,21-30,1.0210868420333175,1.0113880447565526,27,1.0210868420333175,0.19464171996512164,0.6209950566569278,1.4211786274097071
NO3_Interp,51-60,0.6727195455621264,0.19479786489912548,4,0.6727195455621264,0.09739893244956274,0.3627526728494381,0.9826864182748147
NO3_Interp,61-70,1.28743921860061,NA,1,1.28743921860061,NA,NA,NA
NO3_Interp,71-80,-0.7831762014402872,1.1465739683275082,4,-0.7831762014402872,0.5732869841637541,-2.6076312460594657,1.0412788431788915
NO3_Interp,81-90,-4.24608696789537,NA,1,-4.24608696789537,NA,NA,NA
NO3_Interp,91-100,0.8967674484863444,0.781366317686934,12,0.8967674484863444,0.225561026926129,0.40031097552690387,1.3932239214457849
